SIZES
  narena                13631488
  nbuffer               13088
  nplugin               0
  maxuse_stack          456
  maxuse_arena          528
  maxuse_con            0
  maxuse_efc            0
  solver_nisland        0
  ne                    0
  nf                    0
  nl                    0
  nefc                  0
  nnzJ                  0
  ncon                  0
  nisland               0
  threadpool            0

TIMER
    0:  duration =  0          number = 0
    1:  duration =  0.054      number = 15
    2:  duration =  0          number = 0
    3:  duration =  0.037      number = 15
    4:  duration =  0.0069     number = 15
    5:  duration =  0.0015     number = 15
    6:  duration =  0.00057    number = 15
    7:  duration =  0          number = 0
    8:  duration =  0.013      number = 15
    9:  duration =  0.0045     number = 15
    10:  duration =  0.011      number = 15
    11:  duration =  0.0032     number = 15
    12:  duration =  0.00056    number = 15
    13:  duration =  0.0082     number = 15
    14:  duration =  0.00057    number = 15

ENERGY =   0         0       

TIME =  8.4     

QPOS
  -20      
  -6.9e-14 
  -71      
   1       
   2.4e-16 
  -2.4e-14 
   6.7e-30 

QVEL
  -4.5     
  -2.3e-14 
  -9.3     
   2.3e-29 
  -3.6e-14 
   2.8e-29 

QACC_WARMSTART
  -0.32    
  -4.4e-15 
  -0.028   
  -1.3e-29 
   2.8e-13 
  -4.7e-28 

CTRL
   0       
   0       
   0       
   0       

QFRC_APPLIED
   0       
   0       
   0       
   0       
   0       
   0       

XFRC_APPLIED
   0         0         0         0         0         0       
   0         0         0         0         0         0       

QACC
  -0.32    
  -4.4e-15 
  -0.028   
  -1.3e-29 
   2.8e-13 
  -4.7e-28 

SENSOR
   2.3e-29 
  -3.6e-14 
   2.8e-29 
  -0.32    
   3e-16   
   9.8     
   1       
   2.4e-16 
  -2.4e-14 
   6.7e-30 

XPOS
   0         0         0       
  -20       -6.9e-14  -71      

XQUAT
   1         0         0         0       
   1         2.4e-16  -2.4e-14   6.7e-30 

XMAT
   1         0         0         0         1         0         0         0         1       
   1        -2.5e-29  -4.9e-14   1.9e-30   1        -4.8e-16   4.9e-14   4.8e-16   1       

XIPOS
   0         0         0       
  -20       -6.9e-14  -71      

XIMAT
   1         0         0         0         1         0         0         0         1       
  -0.087    -1         5.6e-17  -4.4e-16   5.6e-17  -1         1        -0.087    -3.9e-16 

XANCHOR
  -20       -6.9e-14  -71      

XAXIS
   0         0         1       

GEOM_XPOS
  -20       -0.00026  -71      
  -20       -6.9e-14  -71      
  -20       -6.9e-14  -71      
  -20       -6.9e-14  -71      
  -20        0.008    -71      
  -20       -0.18     -71      
  -20        0.18     -71      
  -19        0.18     -71      
  -19       -0.18     -71      
  -20       -6.9e-14  -71      

GEOM_XMAT
  -0.046     1        -0.0015    0.00063   0.0015    1         1         0.046    -0.0007  
   1        -2.5e-29  -4.9e-14   1.9e-30   1        -4.8e-16   4.9e-14   4.8e-16   1       
   1        -2.5e-29  -4.9e-14   1.9e-30   1        -4.8e-16   4.9e-14   4.8e-16   1       
   1        -2.5e-29  -4.9e-14   1.9e-30   1        -4.8e-16   4.9e-14   4.8e-16   1       
   0        -1        -4.9e-14   1         0        -4.8e-16   4.8e-16  -4.9e-14   1       
   1        -2.5e-29  -4.9e-14   1.9e-30   1        -4.8e-16   4.9e-14   4.8e-16   1       
   1        -2.5e-29  -4.9e-14   1.9e-30   1        -4.8e-16   4.9e-14   4.8e-16   1       
   1        -2.5e-29  -4.9e-14   1.9e-30   1        -4.8e-16   4.9e-14   4.8e-16   1       
   1        -2.5e-29  -4.9e-14   1.9e-30   1        -4.8e-16   4.9e-14   4.8e-16   1       
   1        -2.5e-29  -4.9e-14   1.9e-30   1        -4.8e-16   4.9e-14   4.8e-16   1       

SITE_XPOS
  -20       -6.9e-14  -71      
  -20       -0.18     -71      
  -20        0.18     -71      
  -19        0.18     -71      
  -19       -0.18     -71      

SITE_XMAT
   1        -2.5e-29  -4.9e-14   1.9e-30   1        -4.8e-16   4.9e-14   4.8e-16   1       
   1        -2.5e-29  -4.9e-14   1.9e-30   1        -4.8e-16   4.9e-14   4.8e-16   1       
   1        -2.5e-29  -4.9e-14   1.9e-30   1        -4.8e-16   4.9e-14   4.8e-16   1       
   1        -2.5e-29  -4.9e-14   1.9e-30   1        -4.8e-16   4.9e-14   4.8e-16   1       
   1        -2.5e-29  -4.9e-14   1.9e-30   1        -4.8e-16   4.9e-14   4.8e-16   1       

CAM_XPOS
  -21       -6.9e-14  -70      

CAM_XMAT
  -5.6e-17   0.45     -0.89     -1         5.6e-17   5.6e-17   5.6e-17   0.89      0.45    

LIGHT_XPOS
   0        -1         2       

LIGHT_XDIR
  -0.26      0.013    -0.97    

SUBTREE_COM
  -20       -6.9e-14  -71      
  -20       -6.9e-14  -71      

CDOF
   0         0         0         1         0         0       
   0         0         0         0         1         0       
   0         0         0         0         0         1       
   1         1.9e-30   4.9e-14   1.4e-30  -0.054    -2.6e-17 
  -2.5e-29   1         4.8e-16   0.054    -3.4e-31   3.6e-15 
  -4.9e-14  -4.8e-16   1        -4e-30    -9.3e-16  -4.4e-31 

CINERT
   0         0         0         0         0         0         0         0         0         0       
   0.037     0.025     0.061    -1.1e-18  -0.0021   -1.7e-17   0         0         0         1.3     

ACTUATOR_LENGTH
   0       
   0       
   0       
   0       

ACTUATOR_MOMENT
  -4.9e-14  -4.8e-16   1        -0.18      0.14     -0.02    
  -4.9e-14  -4.8e-16   1         0.18      0.14      0.02    
  -4.9e-14  -4.8e-16   1         0.18     -0.14      0.02    
  -4.9e-14  -4.8e-16   1        -0.18     -0.14     -0.02    

CRB
   0         0         0         0         0         0         0         0         0         0       
   0.037     0.025     0.061    -1.1e-18  -0.0021   -1.7e-17   0         0         0         1.3     

QM
   1.3       0         0         1.8e-30   0.071    -5.3e-30 
   0         1.3       0        -0.071    -4.5e-31  -1.2e-15 
   0         0         1.3      -3.4e-17   4.7e-15  -5.9e-31 
   1.8e-30  -0.071    -3.4e-17   0.041    -2.1e-18  -0.0021  
   0.071    -4.5e-31   4.7e-15  -2.1e-18   0.029    -4.1e-19 
  -5.3e-30  -1.2e-15  -5.9e-31  -0.0021   -4.1e-19   0.061   

QLD
   1.2       7.6e-18  -8.7e-15   1.3e-16   2.4      -8.8e-29 
   7.6e-18   1.2      -4.6e-17  -1.8      -1.6e-29  -2e-14   
  -8.7e-15  -4.6e-17   1.3      -8.4e-16   1.6e-13  -9.7e-30 
   1.3e-16  -1.8      -8.4e-16   0.04     -7.2e-17  -0.035   
   2.4      -1.6e-29   1.6e-13  -7.2e-17   0.029    -6.8e-18 
  -8.8e-29  -2e-14    -9.7e-30  -0.035    -6.8e-18   0.061   

QLDIAGINV
   0.87    
   0.83    
   0.75    
   25      
   34      
   17      

QLDIAGSQRTINV
   0.93    
   0.91    
   0.87    
   5       
   5.8     
   4.1     

D_rownnz              6 6 6 6 6 6

D_rowadr              0 6 12 18 24 30

D_colind              0 1 2 3 4 5 0 1 2 3 4 5 0 1 2 3 4 5 0 1 2 3 4 5 0 1 2 3 4 5 0 1 2 3 4 5

B_rownnz              6 6

B_rowadr              0 6

B_colind              0 1 2 3 4 5 0 1 2 3 4 5

QDERIV
   0         0         0         0         0         0       
   0         0         0         0         0         0       
   0         0         0         0         0         0       
   0         0         0         0         0         0       
   0         0         0         0         0         0       
   0         0         0         0         0         0       

QLU
   0         0         0         0         0         0       
   0         0         0         0         0         0       
   0         0         0         0         0         0       
   0         0         0         0         0         0       
   0         0         0         0         0         0       
   0         0         0         0         0         0       

CONTACT
ACTUATOR_VELOCITY
  -9.3     
  -9.3     
  -9.3     
  -9.3     

CVEL
   0         0         0         0         0         0       
   2.3e-29  -3.6e-14   1.1e-29  -4.5      -2.3e-14  -9.3     

CDOF_DOT
   0         0         0         0         0         0       
   0         0         0         0         0         0       
   0         0         0         0         0         0       
   0         0         0        -1.1e-27  -9.3       2.3e-14 
   0        -0         0         9.3       2.1e-15  -4.5     
   0        -0         0        -2.8e-14   4.5       2.1e-15 

QFRC_BIAS
   0       
  -4.5e-44 
   13      
  -3.3e-16 
   3.9e-14 
   2.3e-29 

QFRC_SPRING
   0       
   0       
   0       
   0       
   0       
   0       

QFRC_DAMPER
   0       
   0       
   0       
   0       
   0       
   0       

QFRC_GRAVCOMP
   0       
   0       
   0       
   0       
   0       
   0       

QFRC_FLUID
  -0.42    
  -5.8e-15 
   13      
  -2.1e-17 
  -0.023   
   1.3e-30 

QFRC_PASSIVE
  -0.42    
  -5.8e-15 
   13      
  -2.1e-17 
  -0.023   
   1.3e-30 

SUBTREE_LINVEL
   0         0         0       
   0         0         0       

SUBTREE_ANGMOM
   0         0         0       
   0         0         0       

ACTUATOR_FORCE
   0       
   0       
   0       
   0       

QFRC_ACTUATOR
   0       
   0       
   0       
   0       
   0       
   0       

QFRC_SMOOTH
  -0.42    
  -5.8e-15 
  -0.037   
   3.1e-16 
  -0.023   
  -2.2e-29 

QACC_SMOOTH
  -0.32    
  -4.4e-15 
  -0.028   
  -1.3e-29 
   2.8e-13 
  -4.7e-28 

QFRC_CONSTRAINT
   0       
   0       
   0       
   0       
   0       
   0       

QFRC_INVERSE
   0       
   0       
   0       
   0       
   0       
   0       

CACC
   0         0         0        -0        -0         9.8     
  -1.3e-29   2.8e-13  -3.4e-28  -0.32     -4.4e-15   9.8     

CFRC_INT
  -7.1e-32  -1.5e-18  -7.9e-34  -0.42     -5.8e-15   13      
  -7.1e-32  -1.5e-18  -7.9e-34  -0.42     -5.8e-15   13      

CFRC_EXT
   0         0         0         0         0         0       
   0         0         0         0         0         0       

